{
  "advancedEditorSelectedIdentifier" : "ProjectBrowser",
  "openSceneRelativePaths" : [
    "Scene.usda"
  ],
  "recentIdentifiers" : {
    "551A6A8F-0929-4A60-B97B-FB786CA6D7B5" : [

    ]
  },
  "sceneCameraHistory" : {
    "551A6A8F-0929-4A60-B97B-FB786CA6D7B5" : [
      {
        "date" : 793519957.844347,
        "title" : "Untitled",
        "transform" : [
          0.85459244,
          -1.6500213e-08,
          0.5192993,
          0,
          0.31184834,
          0.7996119,
          -0.51319724,
          0,
          -0.4152378,
          0.6005173,
          0.68334216,
          0,
          -0.0040171146,
          2.5690956,
          1.8161769,
          1
        ]
      },
      {
        "date" : 793519935.971631,
        "title" : "Untitled",
        "transform" : [
          0.99202585,
          1.5765771e-09,
          -0.12603615,
          0,
          -0.12366683,
          0.19297956,
          -0.9733785,
          0,
          0.024322294,
          0.98120296,
          0.19144051,
          0,
          -0.22368236,
          1.8571091,
          -0.26060283,
          1
        ]
      },
      {
        "date" : 793519913.717298,
        "title" : "Untitled",
        "transform" : [
          0.9720403,
          7.0860997e-09,
          -0.23481436,
          0,
          -0.08479372,
          0.93252325,
          -0.3510138,
          0,
          0.21896972,
          0.3611105,
          0.90645,
          0,
          -0.071537,
          1.375027,
          0.2997313,
          1
        ]
      },
      {
        "date" : 793519906.411876,
        "title" : "Untitled",
        "transform" : [
          0.8429132,
          8.420789e-09,
          0.53804964,
          0,
          0.40495965,
          0.6584284,
          -0.634413,
          0,
          -0.35426703,
          0.7526436,
          0.5549977,
          0,
          -0.48971397,
          1.6772192,
          -0.11671309,
          1
        ]
      },
      {
        "date" : 793519897.30015,
        "title" : "Untitled",
        "transform" : [
          0.8429132,
          8.420789e-09,
          0.53804964,
          0,
          0.40495965,
          0.6584284,
          -0.634413,
          0,
          -0.35426703,
          0.7526436,
          0.5549977,
          0,
          -1.5368046,
          3.0269866,
          0.6585363,
          1
        ]
      },
      {
        "date" : 793519889.425587,
        "title" : "Untitled",
        "transform" : [
          -0.78829694,
          -6.43724e-09,
          0.61529493,
          0,
          0.4880165,
          0.60903627,
          0.6252318,
          0,
          -0.37473676,
          0.7931425,
          -0.48010138,
          0,
          -0.19064291,
          1.4259136,
          -1.4125813,
          1
        ]
      },
      {
        "date" : 793519884.76895,
        "title" : "Untitled",
        "transform" : [
          -0.98599756,
          1.9188917e-10,
          0.16675974,
          0,
          0.08450866,
          0.8620819,
          0.49967307,
          0,
          -0.14376049,
          0.50676924,
          -0.8500106,
          0,
          -0.018000366,
          1.2470331,
          -1.5792873,
          1
        ]
      },
      {
        "date" : 793519880.133219,
        "title" : "Untitled",
        "transform" : [
          -0.93969876,
          -3.4270897e-10,
          0.34200287,
          0,
          0.22380672,
          0.75614846,
          0.6149391,
          0,
          -0.25860488,
          0.6544004,
          -0.7105518,
          0,
          -0.1213699,
          1.5844235,
          -2.3621197,
          1
        ]
      },
      {
        "date" : 793519871.735035,
        "title" : "Untitled",
        "transform" : [
          0.4176167,
          -5.3105884e-09,
          0.9086232,
          0,
          0.08250722,
          0.9958687,
          -0.03792152,
          0,
          -0.9048695,
          0.090804845,
          0.41589135,
          0,
          -1.271628,
          1.418256,
          -0.3332709,
          1
        ]
      },
      {
        "date" : 793519866.244075,
        "title" : "Untitled",
        "transform" : [
          -0.020512844,
          -2.3553877e-09,
          0.99978954,
          0,
          -0.009548011,
          0.9999544,
          -0.00019586182,
          0,
          -0.999744,
          -0.009549809,
          -0.02051199,
          0,
          -1.483585,
          1.2920378,
          -0.8628695,
          1
        ]
      }
    ]
  },
  "sceneViewportBackgroundColors" : {

  },
  "selectedSceneRelativePath" : "Scene.usda"
}